1417739038, 0
1417739098, 0
1417739158, 0
1417739218, 0
1417739278, 0
1417739338, 0
1417739398, 0
1417739458, 0
1417739518, 0
1417739578, 0
1417739638, 0
1417739698, 0
1417739758, 0
1417739818, 0
1417739878, 0
1417739938, 0
1417739998, 0
1417740058, 0
1417740118, 0
1417740178, 0
1417740238, 0
1417740298, 0
1417740358, 0
1417740418, 0
1417740478, 0
1417740538, 0
1417740598, 0
1417740658, 0
1417740718, 0
1417740778, 0
1417740838, 0
1417740898, 0
1417740958, 0
1417741018, 0
1417741078, 0
1417741138, 0
1417741198, 0
1417741258, 0
1417741318, 0
1417741378, 0
1417741438, 0
1417741498, 0
1417741558, 0
1417741618, 0
1417741678, 0
1417741738, 0
1417741798, 0
1417741858, 0
1417741918, 0
1417741978, 0
1417742038, 0
1417742098, 0
1417742158, 0
1417742218, 0
1417742278, 0
1417742338, 0
1417742398, 0
1417742458, 0
1417742518, 0
1417742578, 0
1417742638, 0
1417742698, 0
1417742758, 0
1417742818, 0
1417742878, 0
1417742938, 0
1417742998, 0
1417743058, 0
1417743118, 0
1417743178, 0
1417743238, 0
1417743298, 0
1417743358, 0
1417743418, 0
1417743478, 0
1417743538, 0
1417743598, 0
1417743658, 0
1417743718, 0
1417743778, 0
1417743838, 0
1417743898, 0
1417743958, 0
1417744018, 0
1417744078, 0
1417744138, 0
1417744198, 0
1417744258, 0
1417744318, 0
1417744378, 0
1417744438, 0
1417744498, 0
1417744558, 0
1417744618, 0
1417744678, 0
1417744738, 0
1417744798, 0
1417744858, 0
1417744918, 0
1417744978, 0
1417745038, 0
1417745098, 0
1417745158, 0
1417745218, 0
1417745278, 0
1417745338, 0
1417745398, 0
1417745458, 0
1417745518, 0
1417745578, 0
1417745638, 0
1417745698, 0
1417745758, 0
1417745818, 0
1417745878, 0
1417745938, 0
1417745998, 0
1417746058, 0
1417746118, 0
1417746178, 0
1417746238, 0
1417746298, 0
1417746358, 0
1417746418, 0
1417746478, 0
1417746538, 0
1417746598, 0
1417746658, 0
1417746718, 0
1417746778, 0
1417746838, 0
1417746898, 0
1417746958, 0
1417747018, 0
1417747078, 0
1417747138, 0
1417747198, 0
1417747258, 0
1417747318, 0
1417747378, 0
1417747438, 0
1417747498, 0
1417747558, 0
1417747618, 0
1417747678, 0
1417747738, 0
1417747798, 0
1417747858, 0
1417747918, 0
1417747978, 0
1417748038, 0
1417748098, 0
1417748158, 0
1417748218, 0
1417748278, 0
1417748338, 0
1417748398, 0
1417748458, 0
1417748518, 0
1417748578, 0
1417748638, 0
1417748698, 0
1417748758, 0
1417748818, 0
1417748878, 0
1417748938, 0
1417748998, 0
1417749058, 0
1417749118, 0
1417749178, 0
1417749238, 0
1417749298, 0
1417749358, 0
1417749418, 0
1417749478, 0
1417749538, 0
1417749598, 0
1417749658, 0
1417749718, 0
1417749778, 0
1417749838, 0
1417749898, 0
1417749958, 0
1417750018, 0
1417750078, 0
1417750138, 0
1417750198, 0
1417750258, 0
1417750318, 0
1417750378, 0
1417750438, 0
1417750498, 0
1417750558, 0
1417750618, 0
1417750678, 0
1417750738, 0
1417750798, 0
1417750858, 0
1417750918, 0
1417750978, 0
1417751038, 0
1417751098, 0
1417751158, 0
1417751218, 0
1417751278, 0
1417751338, 0
1417751398, 0
1417751458, 0
1417751518, 0
1417751578, 0
1417751638, 0
1417751698, 0
1417751758, 0
1417751818, 0
1417751878, 0
1417751938, 0
1417751998, 0
1417752058, 0
1417752118, 0
1417752178, 0
1417752238, 0
1417752298, 0
1417752358, 0
1417752418, 0
1417752478, 0
1417752538, 0
1417752598, 0
1417752658, 0
1417752718, 0
1417752778, 0
1417752838, 0
1417752898, 0
1417752958, 0
1417753018, 0
1417753078, 0
1417753138, 0
1417753198, 0
1417753258, 0
1417753318, 0
1417753378, 0
1417753438, 0
1417753498, 0
1417753558, 0
1417753618, 0
1417753678, 0
1417753738, 0
1417753798, 0
1417753858, 0
1417753918, 0
1417753978, 0
1417754038, 0
1417754098, 0
1417754158, 0
1417754218, 0
1417754278, 0
1417754338, 0
1417754398, 0
1417754458, 0
1417754518, 0
1417754578, 0
1417754638, 0
1417754698, 0
1417754758, 0
1417754818, 0
1417754878, 0
1417754938, 0
1417754998, 0
1417755058, 0
1417755118, 0
1417755178, 0
1417755238, 0
1417755298, 0
1417755358, 0
1417755418, 0
1417755478, 0
1417755538, 0
1417755598, 0
1417755658, 0
1417755718, 0
1417755778, 0
1417755838, 0
1417755898, 0
1417755958, 0
1417756018, 0
1417756078, 0
1417756138, 0
1417756198, 0
1417756258, 0
1417756318, 0
1417756378, 0
1417756438, 0
1417756498, 0
1417756558, 0
1417756618, 0
1417756678, 0
1417756738, 0
1417756798, 0
1417756858, 0
1417756918, 0
1417756978, 0
1417757038, 0
1417757098, 0
1417757158, 0
1417757218, 0
1417757278, 0
1417757338, 0
1417757398, 0
1417757458, 0
1417757518, 0
1417757578, 0
1417757638, 0
1417757698, 0
1417757758, 0
1417757818, 0
1417757878, 0
1417757938, 0
1417757998, 0
1417758058, 0
1417758118, 0
1417758178, 0
1417758238, 0
1417758298, 0
1417758358, 0
1417758418, 0
1417758478, 0
1417758538, 0
1417758598, 0
1417758658, 0
1417758718, 0
1417758778, 0
1417758838, 0
1417758898, 0
1417758958, 0
1417759018, 0
1417759078, 0
1417759138, 0
1417759198, 0
1417759258, 0
1417759318, 0
1417759378, 0
1417759438, 0
1417759498, 0
1417759558, 0
1417759618, 0
1417759678, 0
1417759738, 0
1417759798, 0
1417759858, 0
1417759918, 0
1417759978, 0
1417760038, 0
1417760098, 0
1417760158, 0
1417760218, 0
1417760278, 0
1417760338, 0
1417760398, 0
1417760458, 0
1417760518, 0
1417760578, 0
1417760638, 0
1417760698, 0
1417760758, 0
1417760818, 0
1417760878, 0
1417760938, 0
1417760998, 0
1417761058, 0
1417761118, 0
1417761178, 0
1417761238, 0
1417761298, 0
1417761358, 0
1417761418, 0
1417761478, 0
1417761538, 0
1417761598, 0
1417761658, 0
1417761718, 0
1417761778, 0
1417761838, 0
1417761898, 0
1417761958, 0
1417762018, 0
1417762078, 0
1417762138, 0
1417762198, 0
1417762258, 0
1417762318, 0
1417762378, 0
1417762438, 0
1417762498, 0
1417762558, 0
1417762618, 0
1417762678, 0
1417762738, 0
1417762798, 0
1417762858, 0
1417762918, 0
1417762978, 0
1417763038, 0
1417763098, 0
1417763158, 0
1417763218, 0
1417763278, 0
1417763338, 1
1417763398, 0
1417763458, 1
1417763518, 1
1417763578, 1
1417763638, 0
1417763698, 0
1417763758, 1
1417763818, 1
1417763878, 0
1417763938, 1
1417763998, 0
1417764058, 1
1417764118, 1
1417764178, 1
1417764238, 2
1417764298, 0
1417764358, 0
1417764418, 0
1417764478, 0
1417764538, 0
1417764598, 0
1417764658, 0
1417764718, 0
1417764778, 0
1417764838, 0
1417764898, 0
1417764958, 0
1417765018, 0
1417765078, 0
1417765138, 0
1417765198, 1
1417765258, 1
1417765318, 1
1417765378, 1
1417765438, 1
1417765498, 1
1417765558, 0
1417765618, 1
1417765678, 0
1417765738, 1
1417765798, 0
1417765858, 0
1417765918, 0
1417765978, 0
1417766038, 0
1417766098, 0
1417766158, 0
1417766218, 0
1417766278, 0
1417766338, 0
1417766398, 0
1417766458, 0
1417766518, 0
1417766578, 0
1417766638, 0
1417766698, 0
1417766758, 0
1417766818, 0
1417766878, 0
1417766938, 0
1417766998, 0
1417767058, 0
1417767118, 0
1417767178, 0
1417767238, 1
1417767298, 1
1417767358, 1
1417767418, 1
1417767478, 1
1417767538, 1
1417767598, 1
1417767658, 1
1417767718, 1
1417767778, 1
1417767838, 1
1417767898, 0
1417767958, 1
1417768018, 1
1417768078, 1
1417768138, 1
1417768198, 1
1417768258, 1
1417768318, 1
1417768378, 1
1417768438, 1
1417768498, 1
1417768558, 1
1417768618, 1
1417768678, 1
1417768738, 1
1417768798, 1
1417768858, 1
1417768918, 1
1417768978, 1
1417769038, 0
1417769098, 0
1417769158, 0
1417769218, 0
1417769278, 0
1417769338, 0
1417769398, 0
1417769458, 0
1417769518, 0
1417769578, 0
1417769638, 0
1417769698, 0
1417769758, 0
1417769818, 1
1417769878, 2
1417769938, 2
1417769998, 1
1417770058, 1
1417770118, 1
1417770178, 1
1417770238, 1
1417770298, 1
1417770358, 1
1417770418, 2
1417770478, 2
1417770538, 2
1417770598, 2
1417770658, 2
1417770718, 1
1417770778, 1
1417770838, 1
1417770898, 1
1417770958, 1
1417771018, 0
1417771078, 0
1417771138, 0
1417771198, 0
1417771258, 0
1417771318, 0
1417771378, 0
1417771438, 0
1417771498, 0
1417771558, 0
1417771618, 1
1417771678, 1
1417771738, 1
1417771798, 1
1417771858, 1
1417771918, 1
1417771978, 1
1417772038, 1
1417772098, 1
1417772158, 1
1417772218, 1
1417772278, 0
1417772338, 0
1417772398, 0
1417772458, 0
1417772518, 0
1417772578, 0
1417772638, 0
1417772698, 0
1417772758, 1
1417772818, 1
1417772878, 0
1417772938, 0
1417772998, 1
1417773058, 1
1417773118, 0
1417773178, 0
1417773238, 0
1417773298, 0
1417773358, 1
1417773418, 0
1417773478, 1
1417773538, 1
1417773598, 1
1417773658, 1
1417773718, 1
1417773778, 1
1417773838, 1
1417773898, 0
1417773958, 2
1417774018, 1
1417774078, 1
1417774138, 1
1417774198, 2
1417774258, 1
1417774318, 1
1417774378, 1
1417774438, 1
1417774498, 1
1417774558, 1
1417774618, 1
1417774678, 1
1417774738, 1
1417774798, 1
1417774858, 1
1417774918, 1
1417774978, 1
1417775038, 1
1417775098, 1
1417775158, 1
1417775218, 1
1417775278, 1
1417775338, 1
1417775398, 1
1417775458, 1
1417775518, 1
1417775578, 1
1417775638, 1
1417775698, 1
1417775758, 2
1417775818, 1
1417775878, 1
1417775938, 1
1417775998, 1
1417776058, 1
1417776118, 1
1417776178, 1
1417776238, 1
1417776298, 1
1417776358, 1
1417776418, 1
1417776478, 1
1417776538, 1
1417776598, 2
1417776658, 2
1417776718, 2
1417776778, 2
1417776838, 2
1417776898, 2
1417776958, 1
1417777018, 1
1417777078, 1
1417777138, 1
1417777198, 1
1417777258, 1
1417777318, 1
1417777378, 1
1417777438, 2
1417777498, 2
1417777558, 1
1417777618, 1
1417777678, 1
1417777738, 1
1417777798, 1
1417777858, 1
1417777918, 1
1417777978, 1
1417778038, 0
1417778098, 0
1417778158, 0
1417778218, 0
1417778278, 1
1417778338, 1
1417778398, 0
1417778458, 0
1417778518, 0
1417778578, 1
1417778638, 1
1417778698, 1
1417778758, 1
1417778818, 1
1417778878, 1
1417778938, 1
1417778998, 1
1417779058, 1
1417779118, 1
1417779178, 1
1417779238, 1
1417779298, 1
1417779358, 1
1417779418, 1
1417779478, 1
1417779538, 1
1417779598, 0
1417779658, 0
1417779718, 1
1417779778, 1
1417779838, 0
1417779898, 0
1417779958, 0
1417780018, 1
1417780078, 0
1417780138, 0
1417780198, 0
1417780258, 1
1417780318, 1
1417780378, 0
1417780438, 0
1417780498, 0
1417780558, 0
1417780618, 0
1417780678, 0
1417780738, 0
1417780798, 0
1417780858, 0
1417780918, 0
1417780978, 0
1417781038, 0
1417781098, 0
1417781158, 0
1417781218, 0
1417781278, 0
1417781338, 0
1417781398, 0
1417781458, 0
1417781518, 0
1417781578, 0
1417781638, 0
1417781698, 0
1417781758, 0
1417781818, 0
1417781878, 0
1417781938, 0
1417781998, 0
1417782058, 0
1417782118, 0
1417782178, 0
1417782238, 0
1417782298, 0
1417782358, 0
1417782418, 0
1417782478, 0
1417782538, 0
1417782598, 0
1417782658, 0
1417782718, 0
1417782778, 0
1417782838, 0
1417782898, 0
1417782958, 0
1417783018, 0
1417783078, 0
1417783138, 0
1417783198, 0
1417783258, 0
1417783318, 0
1417783378, 0
1417783438, 0
1417783498, 0
1417783558, 0
1417783618, 0
1417783678, 0
1417783738, 0
1417783798, 0
1417783858, 0
1417783918, 0
1417783978, 0
1417784038, 0
1417784098, 0
1417784158, 0
1417784218, 0
1417784278, 0
1417784338, 0
1417784398, 0
1417784458, 0
1417784518, 0
1417784578, 0
1417784638, 0
1417784698, 0
1417784758, 0
1417784818, 0
1417784878, 0
1417784938, 0
1417784998, 0
1417785058, 0
1417785118, 0
1417785178, 0
1417785238, 0
1417785298, 0
1417785358, 0
1417785418, 0
1417785478, 0
1417785538, 0
1417785598, 0
1417785658, 0
1417785718, 0
1417785778, 0
1417785838, 0
1417785898, 0
1417785958, 0
1417786018, 0
1417786078, 0
1417786138, 0
1417786198, 0
1417786258, 0
1417786318, 0
1417786378, 0
1417786438, 0
1417786498, 0
1417786558, 0
1417786618, 0
1417786678, 0
1417786738, 0
1417786798, 0
1417786858, 0
1417786918, 0
1417786978, 0
1417787038, 0
1417787098, 0
1417787158, 0
1417787218, 0
1417787278, 0
1417787338, 0
1417787398, 0
1417787458, 0
1417787518, 0
1417787578, 0
1417787638, 0
1417787698, 0
1417787758, 0
1417787818, 0
1417787878, 0
1417787938, 0
1417787998, 0
1417788058, 0
1417788118, 0
1417788178, 0
1417788238, 0
1417788298, 0
1417788358, 0
1417788418, 0
1417788478, 0
1417788538, 0
1417788598, 0
1417788658, 0
1417788718, 0
1417788778, 0
1417788838, 0
1417788898, 0
1417788958, 0
1417789018, 0
1417789078, 0
1417789138, 0
1417789198, 0
1417789258, 0
1417789318, 0
1417789378, 0
1417789438, 0
1417789498, 0
1417789558, 0
1417789618, 0
1417789678, 0
1417789738, 0
1417789798, 0
1417789858, 0
1417789918, 0
1417789978, 0
1417790038, 0
1417790098, 0
1417790158, 0
1417790218, 0
1417790278, 0
1417790338, 0
1417790398, 0
1417790458, 0
1417790518, 0
1417790578, 0
1417790638, 0
1417790698, 0
1417790758, 0
1417790818, 0
1417790878, 0
1417790938, 0
1417790998, 0
1417791058, 0
1417791118, 0
1417791178, 0
1417791238, 0
1417791298, 0
1417791358, 0
1417791418, 0
1417791478, 0
1417791538, 0
1417791598, 0
1417791658, 0
1417791718, 0
1417791778, 0
1417791838, 0
1417791898, 0
1417791958, 0
1417792018, 0
1417792078, 0
1417792138, 0
1417792198, 0
1417792258, 0
1417792318, 0
1417792378, 0
1417792438, 0
1417792498, 0
1417792558, 0
1417792618, 0
1417792678, 0
1417792738, 0
1417792798, 0
1417792858, 0
1417792918, 0
1417792978, 0
1417793038, 0
1417793098, 0
1417793158, 0
1417793218, 0
1417793278, 0
1417793338, 0
1417793398, 0
1417793458, 0
1417793518, 0
1417793578, 0
1417793638, 0
1417793698, 0
1417793758, 0
1417793818, 0
1417793878, 0
1417793938, 0
1417793998, 0
1417794058, 0
1417794118, 0
1417794178, 0
1417794238, 0
1417794298, 0
1417794358, 0
1417794418, 0
1417794478, 0
1417794538, 0
1417794598, 0
1417794658, 0
1417794718, 0
1417794778, 0
1417794838, 0
1417794898, 0
1417794958, 0
1417795018, 0
1417795078, 0
1417795138, 0
1417795198, 0
1417795258, 0
1417795318, 0
1417795378, 0
1417795438, 0
1417795498, 0
1417795558, 0
1417795618, 0
1417795678, 0
1417795738, 0
1417795798, 0
1417795858, 0
1417795918, 0
1417795978, 0
1417796038, 0
1417796098, 0
1417796158, 0
1417796218, 0
1417796278, 0
1417796338, 0
1417796398, 0
1417796458, 0
1417796518, 0
1417796578, 0
1417796638, 0
1417796698, 0
1417796758, 0
1417796818, 0
1417796878, 0
1417796938, 0
1417796998, 0
1417797058, 0
1417797118, 0
1417797178, 0
1417797238, 0
1417797298, 0
1417797358, 0
1417797418, 0
1417797478, 0
1417797538, 0
1417797598, 0
1417797658, 0
1417797718, 0
1417797778, 0
1417797838, 0
1417797898, 0
1417797958, 0
1417798018, 0
1417798078, 0
1417798138, 0
1417798198, 0
1417798258, 0
1417798318, 0
1417798378, 0
1417798438, 0
1417798498, 0
1417798558, 0
1417798618, 0
1417798678, 0
1417798738, 0
1417798798, 0
1417798858, 0
1417798918, 0
1417798978, 0
1417799038, 0
1417799098, 0
1417799158, 0
1417799218, 0
1417799278, 0
1417799338, 0
1417799398, 0
1417799458, 0
1417799518, 0
1417799578, 0
1417799638, 0
1417799698, 0
1417799758, 0
1417799818, 0
1417799878, 0
1417799938, 0
1417799998, 0
1417800058, 0
1417800118, 0
1417800178, 0
1417800238, 0
1417800298, 0
1417800358, 0
1417800418, 0
1417800478, 0
1417800538, 0
1417800598, 0
1417800658, 0
1417800718, 0
1417800778, 0
1417800838, 0
1417800898, 0
1417800958, 0
1417801018, 0
1417801078, 0
1417801138, 0
1417801198, 0
1417801258, 0
1417801318, 0
1417801378, 0
1417801438, 0
1417801498, 0
1417801558, 0
1417801618, 0
1417801678, 0
1417801738, 0
1417801798, 0
1417801858, 0
1417801918, 0
1417801978, 0
1417802038, 0
1417802098, 0
1417802158, 0
1417802218, 0
1417802278, 0
1417802338, 0
1417802398, 0
1417802458, 0
1417802518, 0
1417802578, 0
1417802638, 0
1417802698, 0
1417802758, 0
1417802818, 0
1417802878, 0
1417802938, 0
1417802998, 0
1417803058, 0
1417803118, 0
1417803178, 0
1417803238, 0
1417803298, 0
1417803358, 0
1417803418, 0
1417803478, 0
1417803538, 0
1417803598, 0
1417803658, 0
1417803718, 0
1417803778, 0
1417803838, 0
1417803898, 0
1417803958, 0
1417804018, 0
1417804078, 0
1417804138, 0
1417804198, 0
1417804258, 0
1417804318, 0
1417804378, 0
1417804438, 0
1417804498, 0
1417804558, 0
1417804618, 0
1417804678, 0
1417804738, 0
1417804798, 0
1417804858, 0
1417804918, 0
1417804978, 0
1417805038, 0
1417805098, 0
1417805158, 0
1417805218, 0
1417805278, 0
1417805338, 0
1417805398, 0
1417805458, 0
1417805518, 0
1417805578, 0
1417805638, 0
1417805698, 0
1417805758, 0
1417805818, 0
1417805878, 0
1417805938, 0
1417805998, 0
1417806058, 0
1417806118, 0
1417806178, 0
1417806238, 0
1417806298, 0
1417806358, 0
1417806418, 0
1417806478, 0
1417806538, 0
1417806598, 0
1417806658, 0
1417806718, 0
1417806778, 0
1417806838, 0
1417806898, 0
1417806958, 0
1417807018, 0
1417807078, 0
1417807138, 0
1417807198, 0
1417807258, 0
1417807318, 0
1417807378, 0
1417807438, 0
1417807498, 0
1417807558, 0
1417807618, 0
1417807678, 0
1417807738, 0
1417807798, 0
1417807858, 0
1417807918, 0
1417807978, 0
1417808038, 0
1417808098, 0
1417808158, 0
1417808218, 0
1417808278, 0
1417808338, 0
1417808398, 0
1417808458, 0
1417808518, 0
1417808578, 0
1417808638, 0
1417808698, 0
1417808758, 0
1417808818, 0
1417808878, 0
1417808938, 0
1417808998, 0
1417809058, 0
1417809118, 0
1417809178, 0
1417809238, 0
1417809298, 0
1417809358, 0
1417809418, 0
1417809478, 0
1417809538, 0
1417809598, 0
1417809658, 0
1417809718, 0
1417809778, 0
1417809838, 0
1417809898, 0
1417809958, 0
1417810018, 0
1417810078, 0
1417810138, 0
1417810198, 0
1417810258, 0
1417810318, 0
1417810378, 0
1417810438, 0
1417810498, 0
1417810558, 0
1417810618, 0
1417810678, 0
1417810738, 0
1417810798, 0
1417810858, 0
1417810918, 0
1417810978, 0
1417811038, 0
1417811098, 0
1417811158, 0
1417811218, 0
1417811278, 0
1417811338, 0
1417811398, 0
1417811458, 0
1417811518, 0
1417811578, 0
1417811638, 0
1417811698, 0
1417811758, 0
1417811818, 0
1417811878, 0
1417811938, 0
1417811998, 0
1417812058, 0
1417812118, 0
1417812178, 0
1417812238, 0
1417812298, 0
1417812358, 0
1417812418, 0
1417812478, 0
1417812538, 0
1417812598, 0
1417812658, 0
1417812718, 0
1417812778, 0
1417812838, 0
1417812898, 0
1417812958, 0
1417813018, 0
1417813078, 0
1417813138, 0
1417813198, 0
1417813258, 0
1417813318, 0
1417813378, 0
1417813438, 0
1417813498, 0
1417813558, 0
1417813618, 0
1417813678, 0
1417813738, 0
1417813798, 0
1417813858, 0
1417813918, 0
1417813978, 0
1417814038, 0
1417814098, 0
1417814158, 0
1417814218, 0
1417814278, 0
1417814338, 0
1417814398, 0
1417814458, 0
1417814518, 0
1417814578, 0
1417814638, 0
1417814698, 0
1417814758, 0
1417814818, 0
1417814878, 0
1417814938, 0
1417814998, 0
1417815058, 0
1417815118, 0
1417815178, 0
1417815238, 0
1417815298, 0
1417815358, 0
1417815418, 0
1417815478, 0
1417815538, 0
1417815598, 0
1417815658, 0
1417815718, 0
1417815778, 0
1417815838, 0
1417815898, 0
1417815958, 0
1417816018, 0
1417816078, 0
1417816138, 0
1417816198, 0
1417816258, 0
1417816318, 0
1417816378, 0
1417816438, 0
1417816498, 0
1417816558, 0
1417816618, 0
1417816678, 0
1417816738, 0
1417816798, 0
1417816858, 0
1417816918, 0
1417816978, 0
1417817038, 0
1417817098, 0
1417817158, 0
1417817218, 0
1417817278, 0
1417817338, 0
1417817398, 0
1417817458, 0
1417817518, 0
1417817578, 0
1417817638, 0
1417817698, 0
1417817758, 0
1417817818, 0
1417817878, 0
1417817938, 0
1417817998, 0
1417818058, 0
1417818118, 0
1417818178, 0
1417818238, 0
1417818298, 0
1417818358, 0
1417818418, 0
1417818478, 0
1417818538, 0
1417818598, 0
1417818658, 0
1417818718, 0
1417818778, 0
1417818838, 0
1417818898, 0
1417818958, 0
1417819018, 0
1417819078, 0
1417819138, 0
1417819198, 0
1417819258, 0
1417819318, 0
1417819378, 0
1417819438, 0
1417819498, 0
1417819558, 0
1417819618, 0
1417819678, 0
1417819738, 0
1417819798, 0
1417819858, 0
1417819918, 0
1417819978, 0
1417820038, 0
1417820098, 0
1417820158, 0
1417820218, 0
1417820278, 0
1417820338, 0
1417820398, 0
1417820458, 0
1417820518, 0
1417820578, 0
1417820638, 0
1417820698, 0
1417820758, 0
1417820818, 0
1417820878, 0
1417820938, 0
1417820998, 0
1417821058, 0
1417821118, 0
1417821178, 0
1417821238, 0
1417821298, 0
1417821358, 0
1417821418, 0
1417821478, 0
1417821538, 0
1417821598, 0
1417821658, 0
1417821718, 0
1417821778, 0
1417821838, 0
1417821898, 0
1417821958, 0
1417822018, 0
1417822078, 0
1417822138, 0
1417822198, 0
1417822258, 0
1417822318, 0
1417822378, 0
1417822438, 0
1417822498, 0
1417822558, 0
1417822618, 0
1417822678, 0
1417822738, 0
1417822798, 0
1417822858, 0
1417822918, 0
1417822978, 0
1417823038, 0
1417823098, 0
1417823158, 0
1417823218, 0
1417823278, 0
1417823338, 0
1417823398, 0
1417823458, 0
1417823518, 0
1417823578, 0
1417823638, 0
1417823698, 0
1417823758, 0
1417823818, 0
1417823878, 0
1417823938, 0
1417823998, 0
1417824058, 0
1417824118, 0
1417824178, 0
1417824238, 0
1417824298, 0
1417824358, 0
1417824418, 0
1417824478, 0
1417824538, 0
1417824598, 0
1417824658, 0
1417824718, 0
1417824778, 0
1417824838, 0
1417824898, 0
1417824958, 0
1417825018, 0
1417825078, 0
1417825138, 0
1417825198, 0
1417825258, 0
1417825318, 0
1417825378, 0
1417825438, 0
1417825498, 0
1417825558, 0
1417825618, 0
1417825678, 0
1417825738, 0
1417825798, 0
1417825858, 0
1417825918, 0
1417825978, 0
1417826038, 0
1417826098, 0
1417826158, 0
1417826218, 0
1417826278, 0
1417826338, 0
1417826398, 0
1417826458, 0
1417826518, 0
1417826578, 0
1417826638, 0
1417826698, 0
1417826758, 0
1417826818, 0
1417826878, 0
1417826938, 0
1417826998, 0
1417827058, 0
1417827118, 0
1417827178, 0
1417827238, 0
1417827298, 0
1417827358, 0
1417827418, 0
1417827478, 0
1417827538, 0
1417827598, 0
1417827658, 0
1417827718, 0
1417827778, 0
1417827838, 0
1417827898, 0
1417827958, 0
1417828018, 0
1417828078, 0
1417828138, 0
1417828198, 0
1417828258, 0
1417828318, 0
1417828378, 0
1417828438, 0
1417828498, 0
1417828558, 0
1417828618, 0
1417828678, 0
1417828738, 0
1417828798, 0
1417828858, 0
1417828918, 0
1417828978, 0
1417829038, 0
1417829098, 0
1417829158, 0
1417829218, 0
1417829278, 0
1417829338, 0
1417829398, 0
1417829458, 0
1417829518, 0
1417829578, 0
1417829638, 0
1417829698, 0
1417829758, 0
1417829818, 0
1417829878, 0
1417829938, 0
1417829998, 0
1417830058, 1
1417830118, 0
1417830178, 0
1417830238, 0
1417830298, 0
1417830358, 0
1417830418, 0
1417830478, 0
1417830538, 0
1417830598, 0
1417830658, 0
1417830718, 0
1417830778, 0
1417830838, 0
1417830898, 0
1417830958, 0
1417831018, 0
1417831078, 0
1417831138, 0
1417831198, 0
1417831258, 0
1417831318, 0
1417831378, 0
1417831438, 0
1417831498, 0
1417831558, 0
1417831618, 0
1417831678, 0
1417831738, 0
1417831798, 0
1417831858, 0
1417831918, 0
1417831978, 0
1417832038, 0
1417832098, 0
1417832158, 0
1417832218, 0
1417832278, 0
1417832338, 0
1417832398, 0
1417832458, 0
1417832518, 0
1417832578, 0
1417832638, 0
1417832698, 0
1417832758, 0
1417832818, 0
1417832878, 0
1417832938, 0
1417832998, 0
1417833058, 0
1417833118, 0
1417833178, 0
1417833238, 0
1417833298, 0
1417833358, 0
1417833418, 0
1417833478, 0
1417833538, 0
1417833598, 0
1417833658, 0
1417833718, 0
1417833778, 0
1417833838, 0
1417833898, 0
1417833958, 0
1417834018, 0
1417834078, 0
1417834138, 0
1417834198, 0
1417834258, 0
1417834318, 0
1417834378, 0
1417834438, 0
1417834498, 0
1417834558, 0
1417834618, 0
1417834678, 0
1417834738, 0
1417834798, 0
1417834858, 0
1417834918, 0
1417834978, 0
1417835038, 0
1417835098, 0
1417835158, 0
1417835218, 0
1417835278, 0
1417835338, 0
1417835398, 0
1417835458, 0
1417835518, 0
1417835578, 0
1417835638, 0
1417835698, 0
1417835758, 0
1417835818, 0
1417835878, 0
1417835938, 0
1417835998, 0
1417836058, 0
1417836118, 0
1417836178, 0
1417836238, 0
1417836298, 0
1417836358, 0
1417836418, 0
1417836478, 0
1417836538, 0
1417836598, 0
1417836658, 0
1417836718, 0
1417836778, 0
1417836838, 0
1417836898, 0
1417836958, 0
1417837018, 0
1417837078, 0
1417837138, 0
1417837198, 0
1417837258, 0
1417837318, 0
1417837378, 0
1417837438, 0
1417837498, 0
1417837558, 0
1417837618, 0
1417837678, 0
1417837738, 0
1417837798, 0
1417837858, 0
1417837918, 0
1417837978, 0
1417838038, 0
1417838098, 0
1417838158, 0
1417838218, 0
1417838278, 0
1417838338, 0
1417838398, 0
1417838458, 0
1417838518, 0
1417838578, 0
1417838638, 0
1417838698, 0
1417838758, 0
1417838818, 0
1417838878, 0
1417838938, 0
1417838998, 0
1417839058, 0
1417839118, 0
1417839178, 0
1417839238, 0
1417839298, 0
1417839358, 0
1417839418, 0
1417839478, 0
1417839538, 0
1417839598, 0
1417839658, 0
1417839718, 0
1417839778, 0
1417839838, 0
1417839898, 0
1417839958, 0
1417840018, 0
1417840078, 0
1417840138, 0
1417840198, 0
1417840258, 0
1417840318, 0
1417840378, 0
1417840438, 0
1417840498, 0
1417840558, 0
1417840618, 0
1417840678, 0
1417840738, 0
1417840798, 0
1417840858, 0
1417840918, 0
1417840978, 0
1417841038, 0
1417841098, 0
1417841158, 0
1417841218, 0
1417841278, 0
1417841338, 0
1417841398, 0
1417841458, 0
1417841518, 0
1417841578, 0
1417841638, 0
1417841698, 0
1417841758, 0
1417841818, 0
1417841878, 0
1417841938, 0
1417841998, 0
1417842058, 0
1417842118, 0
1417842178, 0
1417842238, 0
1417842298, 0
1417842358, 0
1417842418, 0
1417842478, 0
1417842538, 0
1417842598, 0
1417842658, 0
1417842718, 0
1417842778, 0
1417842838, 0
1417842898, 0
1417842958, 0
1417843018, 0
1417843078, 0
1417843138, 0
1417843198, 0
1417843258, 0
1417843318, 0
1417843378, 0
1417843438, 0
1417843498, 0
1417843558, 0
1417843618, 0
1417843678, 0
1417843738, 0
1417843798, 0
1417843858, 0
1417843918, 0
1417843978, 0
1417844038, 0
1417844098, 0
1417844158, 0
1417844218, 0
1417844278, 0
1417844338, 0
1417844398, 0
1417844458, 0
1417844518, 0
1417844578, 0
1417844638, 0
1417844698, 0
1417844758, 0
1417844818, 0
1417844878, 0
1417844938, 0
1417844998, 0
1417845058, 0
1417845118, 0
1417845178, 0
1417845238, 0
1417845298, 0
1417845358, 0
1417845418, 0
1417845478, 0
1417845538, 0
1417845598, 0
1417845658, 0
1417845718, 0
1417845778, 0
1417845838, 0
1417845898, 0
1417845958, 0
1417846018, 0
1417846078, 0
1417846138, 0
1417846198, 0
1417846258, 0
1417846318, 0
1417846378, 0
1417846438, 0
1417846498, 0
1417846558, 0
1417846618, 0
1417846678, 0
1417846738, 0
1417846798, 0
1417846858, 0
1417846918, 0
1417846978, 0
1417847038, 0
1417847098, 0
1417847158, 0
1417847218, 0
1417847278, 0
1417847338, 0
1417847398, 0
1417847458, 0
1417847518, 0
1417847578, 0
1417847638, 0
1417847698, 0
1417847758, 0
1417847818, 0
1417847878, 0
1417847938, 0
1417847998, 0
1417848058, 0
1417848118, 0
1417848178, 0
1417848238, 0
1417848298, 0
1417848358, 0
1417848418, 0
1417848478, 0
1417848538, 0
1417848598, 0
1417848658, 0
1417848718, 0
1417848778, 0
1417848838, 0
1417848898, 0
1417848958, 0
1417849018, 0
1417849078, 0
1417849138, 0
1417849198, 0
1417849258, 0
1417849318, 0
1417849378, 0
1417849438, 0
1417849498, 0
1417849558, 0
1417849618, 0
1417849678, 0
1417849738, 0
1417849798, 0
1417849858, 0
1417849918, 0
1417849978, 0
1417850038, 0
1417850098, 0
1417850158, 0
1417850218, 0
1417850278, 0
1417850338, 0
1417850398, 0
1417850458, 0
1417850518, 0
1417850578, 0
1417850638, 0
1417850698, 0
1417850758, 0
1417850818, 0
1417850878, 0
1417850938, 0
1417850998, 0
1417851058, 0
1417851118, 0
1417851178, 0
1417851238, 0
1417851298, 0
1417851358, 0
1417851418, 0
1417851478, 0
1417851538, 0
1417851598, 0
1417851658, 0
1417851718, 0
1417851778, 0
1417851838, 0
1417851898, 0
1417851958, 0
1417852018, 0
1417852078, 0
1417852138, 0
1417852198, 0
1417852258, 0
1417852318, 0
1417852378, 0
1417852438, 0
1417852498, 0
1417852558, 0
1417852618, 0
1417852678, 0
1417852738, 0
1417852798, 0
1417852858, 0
1417852918, 0
1417852978, 0
1417853038, 0
1417853098, 0
1417853158, 0
1417853218, 0
1417853278, 0
1417853338, 0
1417853398, 0
1417853458, 0
1417853518, 0
1417853578, 0
1417853638, 0
1417853698, 0
1417853758, 0
1417853818, 0
1417853878, 0
1417853938, 0
1417853998, 0
1417854058, 0
1417854118, 0
1417854178, 0
1417854238, 0
1417854298, 0
1417854358, 0
1417854418, 0
1417854478, 0
1417854538, 0
1417854598, 0
1417854658, 0
1417854718, 0
1417854778, 0
1417854838, 0
1417854898, 0
1417854958, 0
1417855018, 0
1417855078, 0
1417855138, 0
1417855198, 0
1417855258, 0
1417855318, 0
1417855378, 0
1417855438, 0
1417855498, 0
1417855558, 0
1417855618, 0
1417855678, 0
1417855738, 0
1417855798, 0
1417855858, 0
1417855918, 0
1417855978, 0
1417856038, 0
1417856098, 0
1417856158, 0
1417856218, 0
1417856278, 0
1417856338, 0
1417856398, 0
1417856458, 0
1417856518, 0
1417856578, 0
1417856638, 0
1417856698, 0
1417856758, 0
1417856818, 0
1417856878, 0
1417856938, 0
1417856998, 0
1417857058, 0
1417857118, 0
1417857178, 0
1417857238, 0
1417857298, 0
1417857358, 0
1417857418, 0
1417857478, 0
1417857538, 0
1417857598, 0
1417857658, 0
1417857718, 0
1417857778, 0
1417857838, 0
1417857898, 0
1417857958, 0
1417858018, 0
1417858078, 0
1417858138, 0
1417858198, 0
1417858258, 0
1417858318, 0
1417858378, 0
1417858438, 0
1417858498, 0
1417858558, 0
1417858618, 0
1417858678, 0
1417858738, 0
1417858798, 0
1417858858, 0
1417858918, 0
1417858978, 0
1417859038, 0
1417859098, 0
1417859158, 0
1417859218, 0
1417859278, 0
1417859338, 0
1417859398, 0
1417859458, 0
1417859518, 0
1417859578, 0
1417859638, 0
1417859698, 0
1417859758, 0
1417859818, 0
1417859878, 0
1417859938, 0
1417859998, 0
1417860058, 0
1417860118, 0
1417860178, 0
1417860238, 0
1417860298, 0
1417860358, 0
1417860418, 0
1417860478, 0
1417860538, 0
1417860598, 0
1417860658, 0
1417860718, 0
1417860778, 0
1417860838, 0
1417860898, 0
1417860958, 0
1417861018, 0
1417861078, 0
1417861138, 0
1417861198, 0
1417861258, 0
1417861318, 0
1417861378, 0
1417861438, 0
1417861498, 0
1417861558, 0
1417861618, 0
1417861678, 0
1417861738, 0
1417861798, 0
1417861858, 0
1417861918, 0
1417861978, 0
1417862038, 0
1417862098, 0
1417862158, 0
1417862218, 0
1417862278, 0
1417862338, 0
1417862398, 0
1417862458, 0
1417862518, 0
1417862578, 0
1417862638, 0
1417862698, 0
1417862758, 0
1417862818, 0
1417862878, 0
1417862938, 0
1417862998, 0
1417863058, 0
1417863118, 0
1417863178, 0
1417863238, 0
1417863298, 0
1417863358, 0
1417863418, 0
1417863478, 0
1417863538, 0
1417863598, 0
1417863658, 0
1417863718, 0
1417863778, 0
1417863838, 0
1417863898, 0
1417863958, 0
1417864018, 0
1417864078, 0
1417864138, 0
1417864198, 0
1417864258, 0
1417864318, 0
1417864378, 0
1417864438, 0
1417864498, 0
1417864558, 0
1417864618, 0
1417864678, 0
1417864738, 0
1417864798, 0
1417864858, 0
1417864918, 0
1417864978, 0
1417865038, 0
1417865098, 0
1417865158, 0
1417865218, 0
1417865278, 0
1417865338, 0
1417865398, 0
1417865458, 0
1417865518, 0
1417865578, 0
1417865638, 0
1417865698, 0
1417865758, 0
1417865818, 0
1417865878, 0
1417865938, 0
1417865998, 0
1417866058, 0
1417866118, 0
1417866178, 0
1417866238, 0
1417866298, 0
1417866358, 0
1417866418, 0
1417866478, 0
1417866538, 0
1417866598, 0
1417866658, 0
1417866718, 0
1417866778, 0
1417866838, 0
1417866898, 0
1417866958, 0
1417867018, 0
1417867078, 0
1417867138, 0
1417867198, 0
1417867258, 0
1417867318, 0
1417867378, 0
1417867438, 0
1417867498, 0
1417867558, 0
1417867618, 0
1417867678, 0
1417867738, 0
1417867798, 0
1417867858, 0
1417867918, 0
1417867978, 0
1417868038, 0
1417868098, 0
1417868158, 0
1417868218, 0
1417868278, 0
1417868338, 0
1417868398, 0
1417868458, 0
1417868518, 0
1417868578, 0
1417868638, 0
1417868698, 0
1417868758, 0
1417868818, 0
1417868878, 0
1417868938, 0
1417868998, 0
1417869058, 0
1417869118, 0
1417869178, 0
1417869238, 0
1417869298, 0
1417869358, 0
1417869418, 0
1417869478, 0
1417869538, 0
1417869598, 0
1417869658, 0
1417869718, 0
1417869778, 0
1417869838, 0
1417869898, 0
1417869958, 0
1417870018, 0
1417870078, 0
1417870138, 0
1417870198, 0
1417870258, 0
1417870318, 0
1417870378, 0
1417870438, 0
